&SCALAR_INPUT
 ELEM_CHRG=  1.6022000000000001E-019,
 ELECTRON_MASS=  9.1093999999999993E-031,
 PROTON_MASS=  1.6726000000000000E-027,
 NEUTRON_MASS=  1.6749999999999999E-027,
 NPART=          1,
 T_INITIAL=  0.0000000000000000     ,
 T_FINAL=  1.0000000000000000E-004,
 INTEGRATOR="rk2                             ",
 NSTEP= 1000000000,
 EX=  400.00000000000000     ,
 EY=  0.0000000000000000     ,
 EZ= -300.00000000000000     ,
 BX=  0.0000000000000000     ,
 BY=  1.0000000000000000E-002,
 BZ=  0.0000000000000000     ,
 /
&VECTOR_INPUT
 X_INIT=  2.8239685957738829     , 24*0.0000000000000000       ,
 Y_INIT= 25*0.0000000000000000       ,
 Z_INIT=  3.8066381217962335     , 24*0.0000000000000000       ,
 VX_INIT=  92545.226806741965     , 24*0.0000000000000000       ,
 VY_INIT= 25*0.0000000000000000       ,
 VZ_INIT=  15749.338077385895     , 24*0.0000000000000000       ,
 NUM_ELECS=          0, 24*1          ,
 NUM_PROTS=          2, 24*0          ,
 NUM_NEUTS=          2, 24*0          ,
 /
